#HEADINGA,COM3,0,100.0,UNKNOWN,1356,3326.400,00000000,0000,757;SOL_COMPUTED,NONE,0.000000000,0.000000000,0.000000000,0.0,0.000000000,0.000000000,"",0,0,0,0,0,00,30,37*9516607b
$GPGGA,,,,,,,,,,,,,,*56
$GPRMC,,V,,,,,,,,,,N*53
#INSPVAXA,COM3,0,100.0,UNKNOWN,1356,3326.400,00000000,0000,757;INS_INACTIVE,NONE,0.00000000000,0.00000000000,0.0000,0.0000,0.0000,0.0000,0.0000,0.000000000,0.000000000,-0.000000000,0.0000,0.0000,0.0000,0.0000,0.0000,0.0000,0.0000,0.0000,0.0000,00000000,0*ddb51a6f
#HEADINGA,COM3,0,100.0,UNKNOWN,1356,3326.600,00000000,0000,757;SOL_COMPUTED,NONE,0.000000000,0.000000000,0.000000000,0.0,0.000000000,0.000000000,"",0,0,0,0,0,00,30,37*4e45a458
$GPGGA,,,,,,,,,,,,,,*56
$GPRMC,,V,,,,,,,,,,N*53
#INSPVAXA,COM3,0,100.0,UNKNOWN,1356,3326.600,00000000,0000,757;INS_INACTIVE,NONE,0.00000000000,0.00000000000,0.0000,0.0000,0.0000,0.0000,0.0000,0.000000000,0.000000000,-0.000000000,0.0000,0.0000,0.0000,0.0000,0.0000,0.0000,0.0000,0.0000,0.0000,00000000,0*2987d0ca
#HEADINGA,COM3,0,100.0,UNKNOWN,1356,3326.800,00000000,0000,757;SOL_COMPUTED,NONE,0.000000000,0.000000000,0.000000000,0.0,0.000000000,0.000000000,"",0,0,0,0,0,00,30,37*236df272
$GPGGA,,,,,,,,,,,,,,*56
$GPRMC,,V,,,,,,,,,,N*53
#INSPVAXA,COM3,0,100.0,UNKNOWN,1356,3326.800,00000000,0000,757;INS_INACTIVE,NONE,0.00000000000,0.00000000000,0.0000,0.0000,0.0000,0.0000,0.0000,0.000000000,0.000000000,-0.000000000,0.0000,0.0000,0.0000,0.0000,0.0000,0.0000,0.0000,0.0000,0.0000,00000000,0*8888af72
#BESTPOSA,COM3,0,100.0,UNKNOWN,1356,3327.000,00000000,0001,757;INSUFFICIENT_OBS,NONE,0.00000000000,0.00000000000,0.0000,0.0000,WGS84,0.0000,0.0000,0.0000,"",0.000,0.003,0,0,0,0,00,00,30,37*b5f7e8e1
#HEADINGA,COM3,0,100.0,UNKNOWN,1356,3327.000,00000000,0000,757;SOL_COMPUTED,NONE,0.000000000,0.000000000,0.000000000,0.0,0.000000000,0.000000000,"",0,0,0,0,0,00,30,37*04283811
$GPGGA,,,,,,,,,,,,,,*56
$GPRMC,,V,,,,,,,,,,N*53
#INSPVAXA,COM3,0,100.0,UNKNOWN,1356,3327.000,00000000,0000,757;INS_INACTIVE,NONE,0.00000000000,0.00000000000,0.0000,0.0000,0.0000,0.0000,0.0000,0.000000000,0.000000000,-0.000000000,0.0000,0.0000,0.0000,0.0000,0.0000,0.0000,0.0000,0.0000,0.0000,00000000,0*bac142fc
#HEADINGA,COM3,0,100.0,UNKNOWN,1356,3327.200,00000000,0000,757;SOL_COMPUTED,NONE,0.000000000,0.000000000,0.000000000,0.0,0.000000000,0.000000000,"",0,0,0,0,0,00,30,37*df7bfc32
$GPGGA,,,,,,,,,,,,,,*56
$GPRMC,,V,,,,,,,,,,N*53
#INSPVAXA,COM3,0,100.0,UNKNOWN,1356,3327.200,00000000,0000,757;INS_INACTIVE,NONE,0.00000000000,0.00000000000,0.0000,0.0000,0.0000,0.0000,0.0000,0.000000000,0.000000000,-0.000000000,0.0000,0.0000,0.0000,0.0000,0.0000,0.0000,0.0000,0.0000,0.0000,00000000,0*4ef38859
#HEADINGA,COM3,0,100.0,UNKNOWN,1356,3327.400,00000000,0000,757;SOL_COMPUTED,NONE,0.000000000,0.000000000,0.000000000,0.0,0.000000000,0.000000000,"",0,0,0,0,0,00,30,37*69feb616
$GPGGA,,,,,,,,,,,,,,*56
$GPRMC,,V,,,,,,,,,,N*53
#INSPVAXA,COM3,0,100.0,UNKNOWN,1356,3327.400,00000000,0000,757;INS_INACTIVE,NONE,0.00000000000,0.00000000000,0.0000,0.0000,0.0000,0.0000,0.0000,0.000000000,0.000000000,-0.000000000,0.0000,0.0000,0.0000,0.0000,0.0000,0.0000,0.0000,0.0000,0.0000,00000000,0*89d5d1f7
#HEADINGA,COM3,0,100.0,UNKNOWN,1356,3327.600,00000000,0000,757;SOL_COMPUTED,NONE,0.000000000,0.000000000,0.000000000,0.0,0.000000000,0.000000000,"",0,0,0,0,0,00,30,37*b2ad7235
$GPGGA,,,,,,,,,,,,,,*56
$GPRMC,,V,,,,,,,,,,N*53
#INSPVAXA,COM3,0,100.0,UNKNOWN,1356,3327.600,00000000,0000,757;INS_INACTIVE,NONE,0.00000000000,0.00000000000,0.0000,0.0000,0.0000,0.0000,0.0000,0.000000000,0.000000000,-0.000000000,0.0000,0.0000,0.0000,0.0000,0.0000,0.0000,0.0000,0.0000,0.0000,00000000,0*7de71b52
#HEADINGA,COM3,0,100.0,UNKNOWN,1356,3327.800,00000000,0000,757;SOL_COMPUTED,NONE,0.000000000,0.000000000,0.000000000,0.0,0.000000000,0.000000000,"",0,0,0,0,0,00,30,37*df85241f
$GPGGA,,,,,,,,,,,,,,*56
$GPRMC,,V,,,,,,,,,,N*53
#INSPVAXA,COM3,0,100.0,UNKNOWN,1356,3327.800,00000000,0000,757;INS_INACTIVE,NONE,0.00000000000,0.00000000000,0.0000,0.0000,0.0000,0.0000,0.0000,0.000000000,0.000000000,-0.000000000,0.0000,0.0000,0.0000,0.0000,0.0000,0.0000,0.0000,0.0000,0.0000,00000000,0*dce864ea
#BESTPOSA,COM3,0,100.0,UNKNOWN,1356,3328.000,00000000,0001,757;INSUFFICIENT_OBS,NONE,0.00000000000,0.00000000000,0.0000,0.0000,WGS84,0.0000,0.0000,0.0000,"",0.000,0.003,0,0,0,0,00,00,30,37*43e9f1ab
#HEADINGA,COM3,0,100.0,UNKNOWN,1356,3328.000,00000000,0000,757;SOL_COMPUTED,NONE,0.000000000,0.000000000,0.000000000,0.0,0.000000000,0.000000000,"",0,0,0,0,0,00,30,37*15a3bbbd
$GPGGA,,,,,,,,,,,,,,*56
$GPRMC,,V,,,,,,,,,,N*53
#INSPVAXA,COM3,0,100.0,UNKNOWN,1356,3328.000,00000000,0000,757;INS_INACTIVE,NONE,0.00000000000,0.00000000000,0.0000,0.0000,0.0000,0.0000,0.0000,0.000000000,0.000000000,-0.000000000,0.0000,0.0000,0.0000,0.0000,0.0000,0.0000,0.0000,0.0000,0.0000,00000000,0*02076076
#HEADINGA,COM3,0,100.0,UNKNOWN,1356,3328.200,00000000,0000,757;SOL_COMPUTED,NONE,0.000000000,0.000000000,0.000000000,0.0,0.000000000,0.000000000,"",0,0,0,0,0,00,30,37*cef07f9e
$GPGGA,,,,,,,,,,,,,,*56
$GPRMC,,V,,,,,,,,,,N*53
#INSPVAXA,COM3,0,100.0,UNKNOWN,1356,3328.200,00000000,0000,757;INS_INACTIVE,NONE,0.00000000000,0.00000000000,0.0000,0.0000,0.0000,0.0000,0.0000,0.000000000,0.000000000,-0.000000000,0.0000,0.0000,0.0000,0.0000,0.0000,0.0000,0.0000,0.0000,0.0000,00000000,0*f635aad3
#HEADINGA,COM3,0,100.0,UNKNOWN,1356,3328.400,00000000,0000,757;SOL_COMPUTED,NONE,0.000000000,0.000000000,0.000000000,0.0,0.000000000,0.000000000,"",0,0,0,0,0,00,30,37*787535ba
$GPGGA,,,,,,,,,,,,,,*56
$GPRMC,,V,,,,,,,,,,N*53
#INSPVAXA,COM3,0,100.0,UNKNOWN,1356,3328.400,00000000,0000,757;INS_INACTIVE,NONE,0.00000000000,0.00000000000,0.0000,0.0000,0.0000,0.0000,0.0000,0.000000000,0.000000000,-0.000000000,0.0000,0.0000,0.0000,0.0000,0.0000,0.0000,0.0000,0.0000,0.0000,00000000,0*3113f37d
#HEADINGA,COM3,0,100.0,UNKNOWN,1356,3328.600,00000000,0000,757;SOL_COMPUTED,NONE,0.000000000,0.000000000,0.000000000,0.0,0.000000000,0.000000000,"",0,0,0,0,0,00,30,37*a326f199
$GPGGA,,,,,,,,,,,,,,*56
$GPRMC,,V,,,,,,,,,,N*53
#INSPVAXA,COM3,0,100.0,UNKNOWN,1356,3328.600,00000000,0000,757;INS_INACTIVE,NONE,0.00000000000,0.00000000000,0.0000,0.0000,0.0000,0.0000,0.0000,0.000000000,0.000000000,-0.000000000,0.0000,0.0000,0.0000,0.0000,0.0000,0.0000,0.0000,0.0000,0.0000,00000000,0*c52139d8
#HEADINGA,COM3,0,100.0,UNKNOWN,1356,3328.800,00000000,0000,757;SOL_COMPUTED,NONE,0.000000000,0.000000000,0.000000000,0.0,0.000000000,0.000000000,"",0,0,0,0,0,00,30,37*ce0ea7b3
$GPGGA,,,,,,,,,,,,,,*56
$GPRMC,,V,,,,,,,,,,N*53
#INSPVAXA,COM3,0,100.0,UNKNOWN,1356,3328.800,00000000,0000,757;INS_INACTIVE,NONE,0.00000000000,0.00000000000,0.0000,0.0000,0.0000,0.0000,0.0000,0.000000000,0.000000000,-0.000000000,0.0000,0.0000,0.0000,0.0000,0.0000,0.0000,0.0000,0.0000,0.0000,00000000,0*642e4660
#BESTPOSA,COM3,0,100.0,UNKNOWN,1356,3329.000,00000000,0001,757;INSUFFICIENT_OBS,NONE,0.00000000000,0.00000000000,0.0000,0.0000,WGS84,0.0000,0.0000,0.0000,"",0.000,0.003,0,0,0,0,00,00,30,37*53415995
#HEADINGA,COM3,0,100.0,UNKNOWN,1356,3329.000,00000000,0000,757;SOL_COMPUTED,NONE,0.000000000,0.000000000,0.000000000,0.0,0.000000000,0.000000000,"",0,0,0,0,0,00,30,37*e94b6dd0
$GPGGA,,,,,,,,,,,,,,*56
$GPRMC,,V,,,,,,,,,,N*53
#INSPVAXA,COM3,0,100.0,UNKNOWN,1356,3329.000,00000000,0000,757;INS_INACTIVE,NONE,0.00000000000,0.00000000000,0.0000,0.0000,0.0000,0.0000,0.0000,0.000000000,0.000000000,-0.000000000,0.0000,0.0000,0.0000,0.0000,0.0000,0.0000,0.0000,0.0000,0.0000,00000000,0*5667abee
#HEADINGA,COM3,0,100.0,UNKNOWN,1356,3329.200,00000000,0000,757;SOL_COMPUTED,NONE,0.000000000,0.000000000,0.000000000,0.0,0.000000000,0.000000000,"",0,0,0,0,0,00,30,37*3218a9f3
$GPGGA,,,,,,,,,,,,,,*56
$GPRMC,,V,,,,,,,,,,N*53
#INSPVAXA,COM3,0,100.0,UNKNOWN,1356,3329.200,00000000,0000,757;INS_INACTIVE,NONE,0.00000000000,0.00000000000,0.0000,0.0000,0.0000,0.0000,0.0000,0.000000000,0.000000000,-0.000000000,0.0000,0.0000,0.0000,0.0000,0.0000,0.0000,0.0000,0.0000,0.0000,00000000,0*a255614b
#HEADINGA,COM3,0,100.0,UNKNOWN,1356,3329.400,00000000,0000,757;SOL_COMPUTED,NONE,0.000000000,0.000000000,0.000000000,0.0,0.000000000,0.000000000,"",0,0,0,0,0,00,30,37*849de3d7
$GPGGA,,,,,,,,,,,,,,*56
$GPRMC,,V,,,,,,,,,,N*53
#INSPVAXA,COM3,0,100.0,UNKNOWN,1356,3329.400,00000000,0000,757;INS_INACTIVE,NONE,0.00000000000,0.00000000000,0.0000,0.0000,0.0000,0.0000,0.0000,0.000000000,0.000000000,-0.000000000,0.0000,0.0000,0.0000,0.0000,0.0000,0.0000,0.0000,0.0000,0.0000,00000000,0*657338e5
#HEADINGA,COM3,0,100.0,UNKNOWN,1356,3329.600,00000000,0000,757;SOL_COMPUTED,NONE,0.000000000,0.000000000,0.000000000,0.0,0.000000000,0.000000000,"",0,0,0,0,0,00,30,37*5fce27f4
$GPGGA,,,,,,,,,,,,,,*56
$GPRMC,,V,,,,,,,,,,N*53
#INSPVAXA,COM3,0,100.0,UNKNOWN,1356,3329.600,00000000,0000,757;INS_INACTIVE,NONE,0.00000000000,0.00000000000,0.0000,0.0000,0.0000,0.0000,0.0000,0.000000000,0.000000000,-0.000000000,0.0000,0.0000,0.0000,0.0000,0.0000,0.0000,0.0000,0.0000,0.0000,00000000,0*9141f240
#HEADINGA,COM3,0,100.0,UNKNOWN,1356,3329.800,00000000,0000,757;SOL_COMPUTED,NONE,0.000000000,0.000000000,0.000000000,0.0,0.000000000,0.000000000,"",0,0,0,0,0,00,30,37*32e671de
$GPGGA,,,,,,,,,,,,,,*56
$GPRMC,,V,,,,,,,,,,N*53
#INSPVAXA,COM3,0,100.0,UNKNOWN,1356,3329.800,00000000,0000,757;INS_INACTIVE,NONE,0.00000000000,0.00000000000,0.0000,0.0000,0.0000,0.0000,0.0000,0.000000000,0.000000000,-0.000000000,0.0000,0.0000,0.0000,0.0000,0.0000,0.0000,0.0000,0.0000,0.0000,00000000,0*304e8df8
#BESTPOSA,COM3,0,100.0,UNKNOWN,1356,3330.000,00000000,0001,757;INSUFFICIENT_OBS,NONE,0.00000000000,0.00000000000,0.0000,0.0000,WGS84,0.0000,0.0000,0.0000,"",0.000,0.003,0,0,0,0,00,00,30,37*07dd0558
#HEADINGA,COM3,0,100.0,UNKNOWN,1356,3330.000,00000000,0000,757;SOL_COMPUTED,NONE,0.000000000,0.000000000,0.000000000,0.0,0.000000000,0.000000000,"",0,0,0,0,0,00,30,37*acdee4e2
$GPGGA,,,,,,,,,,,,,,*56
$GPRMC,,V,,,,,,,,,,N*53
#INSPVAXA,COM3,0,100.0,UNKNOWN,1356,3330.000,00000000,0000,757;INS_INACTIVE,NONE,0.00000000000,0.00000000000,0.0000,0.0000,0.0000,0.0000,0.0000,0.000000000,0.000000000,-0.000000000,0.0000,0.0000,0.0000,0.0000,0.0000,0.0000,0.0000,0.0000,0.0000,00000000,0*32124dc8
#HEADINGA,COM3,0,100.0,UNKNOWN,1356,3330.200,00000000,0000,757;SOL_COMPUTED,NONE,0.000000000,0.000000000,0.000000000,0.0,0.000000000,0.000000000,"",0,0,0,0,0,00,30,37*778d20c1
$GPGGA,,,,,,,,,,,,,,*56
$GPRMC,,V,,,,,,,,,,N*53
#INSPVAXA,COM3,0,100.0,UNKNOWN,1356,3330.200,00000000,0000,757;INS_INACTIVE,NONE,0.00000000000,0.00000000000,0.0000,0.0000,0.0000,0.0000,0.0000,0.000000000,0.000000000,-0.000000000,0.0000,0.0000,0.0000,0.0000,0.0000,0.0000,0.0000,0.0000,0.0000,00000000,0*c620876d
#HEADINGA,COM3,0,100.0,UNKNOWN,1356,3330.400,00000000,0000,757;SOL_COMPUTED,NONE,0.000000000,0.000000000,0.000000000,0.0,0.000000000,0.000000000,"",0,0,0,0,0,00,30,37*c1086ae5
$GPGGA,,,,,,,,,,,,,,*56
$GPRMC,,V,,,,,,,,,,N*53
#INSPVAXA,COM3,0,100.0,UNKNOWN,1356,3330.400,00000000,0000,757;INS_INACTIVE,NONE,0.00000000000,0.00000000000,0.0000,0.0000,0.0000,0.0000,0.0000,0.000000000,0.000000000,-0.000000000,0.0000,0.0000,0.0000,0.0000,0.0000,0.0000,0.0000,0.0000,0.0000,00000000,0*0106dec3
#HEADINGA,COM3,0,100.0,UNKNOWN,1356,3330.600,00000000,0000,757;SOL_COMPUTED,NONE,0.000000000,0.000000000,0.000000000,0.0,0.000000000,0.000000000,"",0,0,0,0,0,00,30,37*1a5baec6
$GPGGA,,,,,,,,,,,,,,*56
$GPRMC,,V,,,,,,,,,,N*53
#INSPVAXA,COM3,0,100.0,UNKNOWN,1356,3330.600,00000000,0000,757;INS_INACTIVE,NONE,0.00000000000,0.00000000000,0.0000,0.0000,0.0000,0.0000,0.0000,0.000000000,0.000000000,-0.000000000,0.0000,0.0000,0.0000,0.0000,0.0000,0.0000,0.0000,0.0000,0.0000,00000000,0*f5341466
#HEADINGA,COM3,0,100.0,UNKNOWN,1356,3330.800,00000000,0000,757;SOL_COMPUTED,NONE,0.000000000,0.000000000,0.000000000,0.0,0.000000000,0.000000000,"",0,0,0,0,0,00,30,37*7773f8ec
$GPGGA,,,,,,,,,,,,,,*56
$GPRMC,,V,,,,,,,,,,N*53
#INSPVAXA,COM3,0,100.0,UNKNOWN,1356,3330.800,00000000,0000,757;INS_INACTIVE,NONE,0.00000000000,0.00000000000,0.0000,0.0000,0.0000,0.0000,0.0000,0.000000000,0.000000000,-0.000000000,0.0000,0.0000,0.0000,0.0000,0.0000,0.0000,0.0000,0.0000,0.0000,00000000,0*543b6bde
#BESTPOSA,COM3,0,100.0,UNKNOWN,1356,3331.000,00000000,0001,757;INSUFFICIENT_OBS,NONE,0.00000000000,0.00000000000,0.0000,0.0000,WGS84,0.0000,0.0000,0.0000,"",0.000,0.003,0,0,0,0,00,00,30,37*1775ad66
#HEADINGA,COM3,0,100.0,UNKNOWN,1356,3331.000,00000000,0000,757;SOL_COMPUTED,NONE,0.000000000,0.000000000,0.000000000,0.0,0.000000000,0.000000000,"",0,0,0,0,0,00,30,37*5036328f
$GPGGA,,,,,,,,,,,,,,*56
$GPRMC,,V,,,,,,,,,,N*53
#INSPVAXA,COM3,0,100.0,UNKNOWN,1356,3331.000,00000000,0000,757;INS_INACTIVE,NONE,0.00000000000,0.00000000000,0.0000,0.0000,0.0000,0.0000,0.0000,0.000000000,0.000000000,-0.000000000,0.0000,0.0000,0.0000,0.0000,0.0000,0.0000,0.0000,0.0000,0.0000,00000000,0*66728650
#HEADINGA,COM3,0,100.0,UNKNOWN,1356,3331.200,00000000,0000,757;SOL_COMPUTED,NONE,0.000000000,0.000000000,0.000000000,0.0,0.000000000,0.000000000,"",0,0,0,0,0,00,30,37*8b65f6ac
$GPGGA,,,,,,,,,,,,,,*56
$GPRMC,,V,,,,,,,,,,N*53
#INSPVAXA,COM3,0,100.0,UNKNOWN,1356,3331.200,00000000,0000,757;INS_INACTIVE,NONE,0.00000000000,0.00000000000,0.0000,0.0000,0.0000,0.0000,0.0000,0.000000000,0.000000000,-0.000000000,0.0000,0.0000,0.0000,0.0000,0.0000,0.0000,0.0000,0.0000,0.0000,00000000,0*92404cf5
#HEADINGA,COM3,0,100.0,UNKNOWN,1356,3331.400,00000000,0000,757;SOL_COMPUTED,NONE,0.000000000,0.000000000,0.000000000,0.0,0.000000000,0.000000000,"",0,0,0,0,0,00,30,37*3de0bc88
$GPGGA,,,,,,,,,,,,,,*56
$GPRMC,,V,,,,,,,,,,N*53
#INSPVAXA,COM3,0,100.0,UNKNOWN,1356,3331.400,00000000,0000,757;INS_INACTIVE,NONE,0.00000000000,0.00000000000,0.0000,0.0000,0.0000,0.0000,0.0000,0.000000000,0.000000000,-0.000000000,0.0000,0.0000,0.0000,0.0000,0.0000,0.0000,0.0000,0.0000,0.0000,00000000,0*5566155b
#HEADINGA,COM3,0,100.0,UNKNOWN,1356,3331.600,00000000,0000,757;SOL_COMPUTED,NONE,0.000000000,0.000000000,0.000000000,0.0,0.000000000,0.000000000,"",0,0,0,0,0,00,30,37*e6b378ab
$GPGGA,,,,,,,,,,,,,,*56
$GPRMC,,V,,,,,,,,,,N*53
#INSPVAXA,COM3,0,100.0,UNKNOWN,1356,3331.600,00000000,0000,757;INS_INACTIVE,NONE,0.00000000000,0.00000000000,0.0000,0.0000,0.0000,0.0000,0.0000,0.000000000,0.000000000,-0.000000000,0.0000,0.0000,0.0000,0.0000,0.0000,0.0000,0.0000,0.0000,0.0000,00000000,0*a154dffe
#HEADINGA,COM3,0,100.0,UNKNOWN,1356,3331.800,00000000,0000,757;SOL_COMPUTED,NONE,0.000000000,0.000000000,0.000000000,0.0,0.000000000,0.000000000,"",0,0,0,0,0,00,30,37*8b9b2e81
$GPGGA,,,,,,,,,,,,,,*56
$GPRMC,,V,,,,,,,,,,N*53
#INSPVAXA,COM3,0,100.0,UNKNOWN,1356,3331.800,00000000,0000,757;INS_INACTIVE,NONE,0.00000000000,0.00000000000,0.0000,0.0000,0.0000,0.0000,0.0000,0.000000000,0.000000000,-0.000000000,0.0000,0.0000,0.0000,0.0000,0.0000,0.0000,0.0000,0.0000,0.0000,00000000,0*005ba046
#BESTPOSA,COM3,0,100.0,UNKNOWN,1356,3332.000,00000000,0001,757;INSUFFICIENT_OBS,NONE,0.00000000000,0.00000000000,0.0000,0.0000,WGS84,0.0000,0.0000,0.0000,"",0.000,0.003,0,0,0,0,00,00,30,37*268c5524
#HEADINGA,COM3,0,100.0,UNKNOWN,1356,3332.000,00000000,0000,757;SOL_COMPUTED,NONE,0.000000000,0.000000000,0.000000000,0.0,0.000000000,0.000000000,"",0,0,0,0,0,00,30,37*8e7e4e79
$GPGGA,,,,,,,,,,,,,,*56
$GPRMC,,V,,,,,,,,,,N*53
#INSPVAXA,COM3,0,100.0,UNKNOWN,1356,3332.000,00000000,0000,757;INS_INACTIVE,NONE,0.00000000000,0.00000000000,0.0000,0.0000,0.0000,0.0000,0.0000,0.000000000,0.000000000,-0.000000000,0.0000,0.0000,0.0000,0.0000,0.0000,0.0000,0.0000,0.0000,0.0000,00000000,0*9ad3daf8
#HEADINGA,COM3,0,100.0,UNKNOWN,1356,3332.200,00000000,0000,757;SOL_COMPUTED,NONE,0.000000000,0.000000000,0.000000000,0.0,0.000000000,0.000000000,"",0,0,0,0,0,00,30,37*552d8a5a
$GPGGA,,,,,,,,,,,,,,*56
$GPRMC,,V,,,,,,,,,,N*53
#INSPVAXA,COM3,0,100.0,UNKNOWN,1356,3332.200,00000000,0000,757;INS_INACTIVE,NONE,0.00000000000,0.00000000000,0.0000,0.0000,0.0000,0.0000,0.0000,0.000000000,0.000000000,-0.000000000,0.0000,0.0000,0.0000,0.0000,0.0000,0.0000,0.0000,0.0000,0.0000,00000000,0*6ee1105d
#HEADINGA,COM3,0,100.0,UNKNOWN,1356,3332.400,00000000,0000,757;SOL_COMPUTED,NONE,0.000000000,0.000000000,0.000000000,0.0,0.000000000,0.000000000,"",0,0,0,0,0,00,30,37*e3a8c07e
$GPGGA,,,,,,,,,,,,,,*56
$GPRMC,,V,,,,,,,,,,N*53
#INSPVAXA,COM3,0,100.0,UNKNOWN,1356,3332.400,00000000,0000,757;INS